1
9
1
00:00:11
2 5 8 3 6 9 4 7 1 
3 6 9 4 7 1 5 8 2 
1 4 7 2 5 8 3 6 9 
7 1 4 8 2 5 9 3 6 
8 2 5 9 3 6 1 4 7 
9 3 6 1 4 7 2 5 8 
6 9 3 7 1 4 8 2 5 
5 8 2 6 9 3 7 1 4 
4 7 1 5 8 2 6 9 3 
0 5 0 0 0 0 0 7 1 
3 0 9 4 0 1 5 8 2 
1 4 0 0 5 0 3 6 9 
7 0 0 0 2 0 9 3 6 
8 2 0 9 3 0 1 4 7 
9 3 0 1 4 7 2 5 8 
6 9 3 7 1 4 8 2 5 
5 8 2 6 9 0 7 1 4 
4 7 0 5 8 0 0 0 0 
0 1 0 0 0 0 0 1 1 
1 0 1 1 0 1 1 1 1 
1 1 0 0 1 0 1 1 1 
1 0 0 0 1 0 1 1 1 
1 1 0 1 1 0 1 1 1 
1 1 0 1 1 1 1 1 1 
1 1 1 1 1 1 1 1 1 
1 1 1 1 1 0 1 1 1 
1 1 0 1 1 0 0 0 0 
